0.0 0.0
0.2 0.19866933079506122
0.4 0.3894183423086505
0.6000000000000001 0.5646424733950355
0.8 0.7173560908995228
1.0 0.8414709848078965
1.2000000000000002 0.9320390859672264
1.4000000000000001 0.9854497299884603
1.6 0.9995736030415051
1.8 0.9738476308781951
2.0 0.9092974268256817
2.2 0.8084964038195901
2.4000000000000004 0.6754631805511506
2.6 0.5155013718214642
2.8000000000000003 0.33498815015590466
3.0 0.1411200080598672
3.2 -0.058374143427580086
3.4000000000000004 -0.25554110202683167
3.6 -0.44252044329485246
3.8000000000000003 -0.6118578909427193
4.0 -0.7568024953079283
4.2 -0.8715757724135882
4.4 -0.9516020738895161
4.6000000000000005 -0.9936910036334645
4.800000000000001 -0.9961646088358406
5.0 -0.9589242746631385
5.2 -0.8834546557201531
5.4 -0.7727644875559871
5.6000000000000005 -0.631266637872321
5.800000000000001 -0.4646021794137566
6.0 -0.27941549819892586
6.2 -0.0830894028174964
6.4 0.11654920485049364
6.6000000000000005 0.3115413635133787
6.800000000000001 0.49411335113860894
7.0 0.6569865987187891
7.2 0.7936678638491531
7.4 0.8987080958116269
7.6000000000000005 0.9679196720314865
7.800000000000001 0.998543345374605
8.0 0.9893582466233818
8.200000000000001 0.9407305566797726
8.4 0.8545989080882804
8.6 0.7343970978741134
8.8 0.5849171928917617
9.0 0.4121184852417566
9.200000000000001 0.22288991410024592
9.4 0.024775425453357765
9.600000000000001 -0.1743267812229814
9.8 -0.36647912925192844
10.0 -0.5440211108893698
10.200000000000001 -0.6998746875935437
10.4 -0.8278264690856537
10.600000000000001 -0.9227754216128073
10.8 -0.9809362300664916
11.0 -0.9999902065507035
11.200000000000001 -0.979177729151317
11.4 -0.9193285256646757
11.600000000000001 -0.8228285949687079
11.8 -0.6935250847771224
12.0 -0.5365729180004349
12.200000000000001 -0.35822928223682704
12.4 -0.1656041754483094
12.600000000000001 0.03362304722113847
12.8 0.23150982510153895
13.0 0.4201670368266409
13.200000000000001 0.5920735147072245
13.4 0.7403758899524486
13.600000000000001 0.8591618148564967
13.8 0.9436956694441048
14.0 0.9906073556948704
14.200000000000001 0.9980266527163616
14.4 0.9656577765492774
14.600000000000001 0.8947911721405034
14.8 0.7882520673753163
15.0 0.6502878401571168
15.200000000000001 0.4863986888537981
15.4 0.30311835674570226
15.600000000000001 0.1077536522994423
15.8 -0.09190685022768164
16.0 -0.2879033166650653
16.2 -0.47242198639846616
16.400000000000002 -0.6381066823479502
16.6 -0.7783520785342984
16.8 -0.8875670335815046
17.0 -0.9613974918795568
17.2 -0.9969000660415961
17.400000000000002 -0.9926593804706327
17.6 -0.948844497918124
17.8 -0.8672021794855813
18.0 -0.7509872467716762
18.2 -0.6048328224062841
18.400000000000002 -0.43456562207189353
18.6 -0.2469736617366209
18.8 -0.04953564087836742
19.0 0.14987720966295234
19.200000000000003 0.3433149288198987
19.400000000000002 0.5230657651576994
19.6 0.6819636200681356
19.8 0.8136737375071054
