0.0 0.0
0.1 0.31622776601683794
0.2 0.4472135954999579
0.30000000000000004 0.5477225575051662
0.4 0.6324555320336759
0.5 0.7071067811865476
0.6000000000000001 0.7745966692414834
0.7000000000000001 0.8366600265340756
0.8 0.8944271909999159
0.9 0.9486832980505138
1.0 1.0
1.1 1.0488088481701516
1.2000000000000002 1.0954451150103324
1.3 1.140175425099138
1.4000000000000001 1.1832159566199232
1.5 1.224744871391589
1.6 1.2649110640673518
1.7000000000000002 1.3038404810405297
1.8 1.3416407864998738
1.9000000000000001 1.3784048752090223
2.0 1.4142135623730951
2.1 1.449137674618944
2.2 1.4832396974191326
2.3000000000000003 1.5165750888103102
2.4000000000000004 1.5491933384829668
2.5 1.5811388300841898
2.6 1.61245154965971
2.7 1.6431676725154984
2.8000000000000003 1.6733200530681511
2.9000000000000004 1.7029386365926402
3.0 1.7320508075688772
3.1 1.760681686165901
3.2 1.7888543819998317
3.3000000000000003 1.8165902124584952
3.4000000000000004 1.8439088914585775
3.5 1.8708286933869707
3.6 1.8973665961010275
3.7 1.9235384061671346
3.8000000000000003 1.949358868961793
3.9000000000000004 1.97484176581315
4.0 2.0
4.1000000000000005 2.024845673131659
4.2 2.04939015319192
4.3 2.073644135332772
4.4 2.0976176963403033
4.5 2.1213203435596424
4.6000000000000005 2.1447610589527217
4.7 2.16794833886788
4.800000000000001 2.1908902300206647
4.9 2.2135943621178655
5.0 2.23606797749979
5.1000000000000005 2.2583179581272432
5.2 2.280350850198276
5.300000000000001 2.302172886644268
5.4 2.32379000772445
5.5 2.345207879911715
5.6000000000000005 2.3664319132398464
5.7 2.3874672772626644
5.800000000000001 2.4083189157584592
5.9 2.4289915602982237
6.0 2.449489742783178
6.1000000000000005 2.4698178070456938
6.2 2.4899799195977463
6.300000000000001 2.5099800796022267
6.4 2.5298221281347035
6.5 2.5495097567963922
6.6000000000000005 2.569046515733026
6.7 2.588435821108957
6.800000000000001 2.6076809620810595
6.9 2.6267851073127395
7.0 2.6457513110645907
7.1000000000000005 2.6645825188948455
7.2 2.6832815729997477
7.300000000000001 2.701851217221259
7.4 2.7202941017470885
7.5 2.7386127875258306
7.6000000000000005 2.7568097504180447
7.7 2.7748873851023217
7.800000000000001 2.7928480087537886
7.9 2.8106938645110393
8.0 2.8284271247461903
8.1 2.8460498941515415
8.200000000000001 2.863564212655271
8.3 2.8809720581775866
8.4 2.898275349237888
8.5 2.9154759474226504
8.6 2.932575659723036
8.700000000000001 2.9495762407505253
8.8 2.9664793948382653
8.9 2.9832867780352594
9.0 3.0
9.1 3.0166206257996713
9.200000000000001 3.0331501776206204
9.3 3.0495901363953815
9.4 3.0659419433511785
9.5 3.082207001484488
9.600000000000001 3.0983866769659336
9.700000000000001 3.1144823004794877
9.8 3.1304951684997055
9.9 3.146426544510455